-104.49661496780284
-119.88462051238521
-77.1944733564666
-76.83669287846534
-85.55378767482226
-121.75589217464098
-125.15570008423767
-112.558318820568
-77.77203086585662
-88.37639299340199
-81.219742425441
-104.1837918372836
-97.08850308673134
-66.3033769108647
-118.56605224527831
-95.82929243011358
-108.03701172212035
-78.9257728319146
-87.01445502824512
-90.93783855195932
-113.49860479494446
-72.13828047985653
-74.32920223704843
-100.59506816749861
-91.55775837688212
-80.43882604703387
-133.2814584430113
-111.5288781860056
-115.6522202200472
-101.12201006558057
-71.51668122229285
-118.89963838505632
-105.59608600061604
-101.43118864702592
-108.73550920046686
-101.66764351031934
-71.93917954278342
-60.014560397005816
-100.80075553509015
-112.19067217943773
-134.9058299012838
-125.51913520502082
-86.85868734211222
-129.36979059192916
-116.78637115776208
-94.89296087215003
-92.31044070494369
-82.67361252887362
-114.56579141248001
-109.5508420415636
-80.28161906292067
-122.72827021459767
-122.66368089398779
-126.9821972153551
-66.55034458376156
-118.37036774325296
-138.02870419376057
-119.55803744575068
-44.957701656968624
-112.39020253927217
-102.6062871493869
-113.66733111736349
-56.5186375836645
-56.65521293227842
-118.10328911361042
-141.17093146054526
-76.54790711894339
-106.3055470882809
-147.92108323953238
-115.25151461573385
-108.99677609147629
-95.8536420183284
-103.08784870299077
-88.41571768227423
-121.1138643983477
-104.71877265761171
-106.97413604445927
-92.26239446617977
-116.84611159450867
-98.87261225382863
-78.62422786174653
-79.11600019537626
-64.10407808852638
-82.31235961924774
-85.42557626566946
-105.28298780528766
-95.73710321336114
-76.76444585045358
-127.12210093506545
-124.19216876104811
-84.11680288546309
-104.10656773649875
-90.08860430168698
-94.0179020108834
-106.0515911587925
-113.98849200258007
-89.34230570587395
-93.01200087038744
-82.49482773330949
-111.11304516905645
